2.5102 0.399708 0.392561 0.409585
2.6434 0.422163 0.410473 0.436806
6.4504 0.809587 0.77983 0.822004
8.0308 0.904759 0.890254 0.912024
4.6 0.662758 0.646289 0.675996
8.7112 0.940078 0.927263 0.941626
4.1086 0.613694 0.610267 0.61696
1.36 0.133539 0.110873 0.156034
2.9566 0.470793 0.456832 0.483005
3.3256 0.52187 0.512069 0.532869
7.2082 0.857827 0.844689 0.877436
9.4186 0.973986 0.97948 0.998879
9.9316 0.997019 1.00202 0.0101575
9.5356 0.979348 0.974805 0.991716
4.483 0.651569 0.655194 0.668893
6.1156 0.786439 0.775747 0.792202
3.232 0.509471 0.500202 0.522789
9.9712 0.998747 1.00763 0.00318161
3.4156 0.533467 0.524088 0.54369
4.4776 0.651045 0.639948 0.654393
1.5022 0.176728 0.155902 0.195298
9.3088 0.968894 0.960939 0.970063
8.5708 0.933021 0.929751 0.942211
9.154 0.961611 0.957766 0.965786
3.8548 0.586002 0.573229 0.589497
1.1566 0.0631832 0.034999 0.0889961
5.77 0.761176 0.769988 0.772654
2.0116 0.303542 0.284976 0.314195
4.717 0.673666 0.681444 0.677834
4.474 0.650696 0.653429 0.64842
7.9336 0.89947 0.906476 0.899928
7.885 0.896802 0.895533 0.903511
5.3794 0.730734 0.723137 0.737673
6.5044 0.813207 0.796099 0.825034
8.749 0.941958 0.938755 0.931983
5.4334 0.735072 0.726337 0.734493
8.524 0.930643 0.926058 0.940276
9.3718 0.971823 0.970458 0.965626
7.8004 0.892117 0.882555 0.900997
8.0704 0.906895 0.905189 0.901818
7.2388 0.859667 0.847307 0.870352
6.0418 0.781166 0.778187 0.788378
7.4098 0.869806 0.861977 0.876797
5.9914 0.777528 0.765919 0.779542
1.5328 0.185485 0.167466 0.206057
4.411 0.644537 0.6249 0.647184
7.1434 0.853905 0.859399 0.834491
1.8154 0.258972 0.242474 0.279802
2.5372 0.404355 0.387453 0.42194
7.7554 0.889604 0.867882 0.885663
8.92 0.950365 0.935836 0.936205
5.0536 0.703601 0.692133 0.705611
7.4728 0.873483 0.876558 0.881861
1.6588 0.219794 0.204022 0.240711
4.5748 0.660372 0.647852 0.670031
6.4594 0.810192 0.810364 0.81874
6.5944 0.819175 0.819073 0.829863
1.18 0.071882 0.0440556 0.0974514
4.0924 0.611978 0.605612 0.615071
4.096 0.61236 0.603443 0.619672
4.3588 0.639367 0.616561 0.651894
9.1936 0.963486 0.951089 0.969699
3.6676 0.564382 0.564111 0.570436
8.7688 0.94294 0.935296 0.944062
7.8274 0.893618 0.88892 0.897052
2.8342 0.45243 0.445793 0.46157
6.9364 0.841134 0.831894 0.841599
5.1058 0.708064 0.697991 0.710419
3.826 0.582745 0.57724 0.592907
6.175 0.790637 0.766576 0.786306
7.0426 0.847733 0.841301 0.853865
2.9224 0.46574 0.453235 0.473652
8.9704 0.952812 0.963089 0.960328
8.3008 0.91912 0.913814 0.925161
1.3654 0.13526 0.108541 0.156654
2.746 0.438701 0.435662 0.45695
8.7688 0.94294 0.925849 0.949588
5.1742 0.713843 0.702787 0.715807
7.498 0.874945 0.868366 0.873774
4.1032 0.613123 0.615731 0.618833
9.4438 0.975147 0.965185 0.983071
5.3632 0.729424 0.736543 0.737644
9.4618 0.975974 0.965651 0.973411
7.309 0.863858 0.855369 0.880601
6.9994 0.845061 0.838174 0.845712
6.5638 0.817155 0.802351 0.809409
6.4342 0.808495 0.813492 0.807744
8.2594 0.916948 0.927279 0.917744
8.0092 0.903589 0.900395 0.903214
6.8806 0.837626 0.832323 0.850852
5.419 0.733919 0.724615 0.742697
1.4122 0.149896 0.126084 0.171903
3.1186 0.49396 0.482948 0.500283
9.2584 0.966536 0.970364 0.97211
2.0062 0.302374 0.284932 0.319003
4.0528 0.607755 0.598542 0.617919
9.3808 0.97224 0.956622 0.973199
5.7232 0.757639 0.744839 0.77689
4.3588 0.639367 0.62857 0.644006
7.921 0.89878 0.883482 0.902158
